Result for KI_10
x0: 0
x1: 0
x2: 0
x3: 0.8571428571428559
x4: 0
x5: 0
x6: 0
x7: 14.047619047619047
x8: 0
x9: 0
r: 29.80952380952381
