Result for KI_20
x0: 0
x1: 0
x2: 13.564516129032256
x3: 16.88709677419355
x4: 0
x5: 0
x6: 0
x7: 0
x8: 0
x9: 0
x10: 0
x11: 0
x12: 0
x13: 0
x14: 0
x15: 0
x16: 0
x17: 0
x18: 0
x19: 0
r: 60.903225806451616
