Result for KI_5
x0: 2.619047619047619
x1: 0
x2: 0
x3: 0
x4: 0.47619047619047616
r: 3.571428571428571
