Result for KI_8
x0: 0
x1: 0
x2: 0
x3: 0
x4: 7.285714285714286
x5: 0
x6: 0
x7: 0
r: 14.571428571428571
