Result for KI_9
x0: 0
x1: 0
x2: 5.551724137931035
x3: 0
x4: 0
x5: 0
x6: 0
x7: 0
x8: 5.293103448275862
r: 21.948275862068968
